125.00
238.00
187.00
317.00
226.00
117.00
309.00
786.00
303.00
995.00
696.00
765.00
869.00
260.00
364.00
775.00
956.00
67.00
44.00
846.00
627.00
188.00
307.00
261.00
774.00
600.00
90.00
834.00
342.00
451.00
717.00
575.00
839.00
267.00
622.00
75.00
70.00
906.00
114.00
574.00
38.00
497.00
308.00
413.00
286.00
926.00
169.00
691.00
621.00
357.00
230.00
440.00
872.00
270.00
473.00
978.00
506.00
348.00
347.00
868.00
134.00
335.00
521.00
423.00
638.00
702.00
999.00
915.00
415.00
451.00
268.00
38.00
473.00
329.00
503.00
564.00
583.00
130.00
540.00
489.00
408.00
698.00
965.00
106.00
399.00
549.00
582.00
121.00
38.00
201.00
501.00
660.00
760.00
608.00
924.00
61.00
461.00
728.00
280.00
59.00
990.00
816.00
618.00
55.00
402.00
874.00
792.00
927.00
405.00
156.00
76.00
689.00
779.00
448.00
56.00
47.00
135.00
887.00
560.00
229.00
867.00
375.00
376.00
461.00
684.00
438.00
80.00
71.00
656.00
169.00
712.00
616.00
971.00
489.00
138.00
608.00
501.00
616.00
63.00
629.00
663.00
874.00
577.00
691.00
397.00
997.00
688.00
542.00
459.00
557.00
231.00
206.00
267.00
293.00
613.00
715.00
681.00
51.00
418.00
771.00
463.00
911.00
539.00
688.00
436.00
588.00
548.00
497.00
923.00
329.00
671.00
849.00
5.00
789.00
485.00
360.00
132.00
479.00
409.00
544.00
219.00
875.00
469.00
242.00
257.00
204.00
423.00
626.00
434.00
847.00
689.00
615.00
84.00
665.00
913.00
124.00
547.00
282.00
905.00
962.00
791.00
560.00
487.00
645.00
162.00
494.00
830.00
898.00
863.00
924.00
866.00
97.00
952.00
641.00
719.00
613.00
527.00
765.00
430.00
387.00
854.00
526.00
264.00
709.00
898.00
523.00
375.00
539.00
703.00
877.00
559.00
305.00
762.00
308.00
383.00
626.00
435.00
851.00
312.00
534.00
455.00
715.00
400.00
52.00
185.00
696.00
248.00
965.00
131.00
932.00
122.00
601.00
200.00
81.00
871.00
148.00
747.00
487.00
540.00
614.00
367.00
28.00
760.00
863.00
596.00
375.00
379.00
722.00
913.00
